45
48
9 42
6
6 6
1
1 1
994
12 941
567000123
16 566998782
123830583943
17 123830561521
3842529393411
17 3842529383076
999999993700000
18 999999993541753
2
2 2
7
7 7
8
7 7
9
7 7
112
10 106
113
10 113
114
11 114
265
11 212
995
12 995
200385
14 200355
909383000
16 909381874
108000000057
17 107986074062
385925923480002
17 385925923479720
735412349812385
18 735409591249436
980123123123123
18 980123123116482
999088000000000
18 999087986204952
409477218238716
17 409477218238710
409477218238717
17 409477218238717
409477218238718
18 409477218238718
409477218238719
18 409477218238718
419477218238718
18 419466459294818
415000000238718
18 414993991790735
850085504652042
18 850085504652042
850085504652041
18 850085504650655
936302451687000
18 936302448662019
936302451687001
18 936302448662019
936302451686999
18 936302448662019
1000000000000000
18 999999993541753
780869426483087
18 780869407920631
1000000000000000
18 999999993541753
990000000000000
18 989983621692990
999998169714888
18 999998150030846
999971000299999
18 999969994441746
999999999999999
18 999999993541753
999986542686123
18 999969994441746
899990298504716
18 899973747835553
409477318238718
18 409477218238718
