16
20 40 21 40 22 40 22 41 21 42
 0
 22 41 21 42 20 40 22 40 21 40
20 40 21 40 22 40 22 41 21 42
 10
 22 38 24 39 24 38 23 37 24 37
20 40 21 40 22 40 22 41 21 42
 100
 46 17 47 16 45 15 46 15 47 15
20 40 21 40 22 40 22 41 21 42
 1000
 271 -208 272 -209 272 -210 270 -210 271 -210
21 40 21 41 21 42 22 41 20 42
 0
 22 41 21 42 20 42 21 41 21 40
21 40 21 41 21 42 22 41 20 42
 10
 21 39 22 40 24 42 21 40 23 40 25 42 23 43 24 43 19 42 21 38 23 41 24 41
21 40 21 41 21 42 22 41 20 42
 100
15 39 18 35 27 41 25 41 18 44 22 35 30 39 33 38 32 39 35 44 24 44 20 49 31 49 23 45 36 48 30 41 17 44 33 40 29 36 38 48 21 41 23 47 27 38 36 50 17 46 28 46 25 47 23 40 34 46 33 44 31 43 18 46 34 39 34 48 32 41 32 50 24 46 23 44 34 50 30 40 18 32 35 48 33 51 16 44 24 48 28 36 27 46 37 48 34 52 29 37 16 46 38 49 34 45 36 42 30 35 30 44 32 38 35 52 18 45 34 38 32 40 33 39 15 33 32 49 35 45 25 44 24 45 31 41 28 42 32 42 33 50 26 44 29 46 22 40 32 44 35 49 25 48 16 45 29 39 20 36 37 49
21 40 21 41 21 42 22 41 20 42
1000
-28 50 -53 -7 29 32 152 -127 50 91 201 31 25 34 -61 -6 159 34 118 -4 -17 37 139 55 18 -6 4 96 212 45 110 -3 8 -14 113 39 -75 -12 29 45 -13 48 6 61 105 40 242 45 66 48 98 0 43 64 -43 -3 36 61 94 2 195 54 -22 56 -50 -6 188 51 -29 53 105 53 3 5 108 58 121 -3 79 0 98 13 43 77 -4 2 17 61 135 16 -25 64 52 18 179 59 -9 8 109 0 128 13 67 3 86 16 144 -43 89 21 3 18 -27 75 47 24 162 11 82 18 68 83 183 70 58 75 61 80 74 19 -23 86 151 -27 35 27 169 27 67 16 53 81 72 94 144 -30 56 86 9 11 88 75 165 29 123 32 68 96 -20 -17 62 22 180 14 199 27 157 30 -28 -16 118 38 34 81 6 -18 56 99 28 37 229 27 143 -13 -74 -11 -14 40 164 46 -12 86 125 91 4 30 -5 -19 36 -18 160 48 25 89 99 38 -7 56 134 32 -13 -18 111 48 -10 -13 50 38 71 97 120 -11 87 41 4 43 243 59 -98 -5 36 -5 -6 -1 -6 -2 140 52 -22 -10 -3 3 57 54 175 46 105 -13 -24 65 -8 46 167 47 52 60 126 9 184 -13 87 54 3 60 163 49 22 73 -25 -1 135 -50 -22 3 147 -40 -29 0 -24 78 162 -55 65 12 68 17 86 71 246 60 58 9 135 -37 80 27 121 65 0 4 98 81 150 -52 162 -42 165 -37 10 89 68 30 183 17 -16 36 19 30 -14 82 60 31 63 73 151 -80 178 23 123 87 197 36 35 -26 -21 79 37 20 116 84 28 -29 143 -79 74 87 294 90 247 15 49 30 269 33 -12 20 7 33 70 89 28 92 83 28 157 -23 41 31 117 26 35 -13 37 33 78 34 97 47 212 34 231 47 196 26 132 41 11 -20 145 -20 35 108 -53 -5 161 -76 20 -15 152 -125 108 34 99 -15 118 -2 118 -1 62 103 -8 -20 -3 58 115 50 188 40 45 -9 4 -10 105 42 200 50 98 2 244 56 133 -4 168 -47 80 69 195 56 -8 -7 -3 71 -11 72 -39 10 181 13 61 69 -25 66 135 18 52 20 253 10 109 2 128 15 -16 -30 -27 77 162 13 160 -97 137 -44 123 21 -34 74 153 -100 135 31 102 83 74 21 129 -43 164 -86 53 83 72 96 56 88 143 -24 165 31 5 42 65 93 -12 75 62 24 7 88 180 16 199 29 -5 -30 14 -17 74 34 132 -25 44 91 233 27 35 42 117 81 53 96 56 101 143 -11 187 32 30 48 71 86 -12 88 -17 -27 -81 -12 138 32 60 112 154 -24 25 91 233 40 117 94 236 45 34 96 -13 -16 133 38 37 101 152 51 124 -11 163 -83 127 -6 27 56 71 99 142 -21 119 -5 224 48 36 -3 -19 61 163 38 -25 -13 149 -126 -6 0 98 57 147 -51 -29 -11 140 -54 107 -2 11 61 170 54 100 -5 3 62 135 -48 80 16 -3 18 130 -5 75 59 149 8 94 72 107 11 67 60 141 9 246 62 86 73 42 3 241 68 -21 68 232 19 56 22 129 12 33 75 65 27 32 79 51 92 35 84 250 9 26 35 157 -34 5 97 148 -83 160 -29 123 89 150 -37 134 -45 -7 -21 56 35 116 86 129 25 118 95 159 -96 71 20 166 28 111 92 124 31 -19 -18 41 33 201 22 -26 -21 39 108 -49 -5 97 49 212 36 231 49 215 41 -28 54 145 -18 122 -1 122 -2 -13 39 163 -28 25 38 99 -13 200 39 -68 -5 78 49 55 65 237 42 173 57 112 47 -31 -2 6 65 64 6 85 65 24 55 98 4 43 68 244 58 203 57 147 -104 77 66 149 -58 179 50 38 111 112 60 54 55 73 68 12 58 31 71 191 60 -11 74 -39 12 130 -58 61 71 33 9 -9 12 151 -36 109 4 128 17 95 69 89 25 146 7 -20 -26 150 -103 136 -38 81 26 40 25 153 -98 171 -44 0 74 19 87 132 -36 35 31 95 82 245 26 69 29 143 -22 46 82 49 87 81 39 20 29 199 31 152 -81 97 -17 14 -15 -28 -12 153 36 53 98 111 39 226 26 -77 -12 69 42 55 107 -17 -25 103 40 48 104 20 42 138 34 -6 -11 117 96 236 47 -26 47 235 51 147 -62 133 40 -93 -7 -52 -6 163 -81 126 0 186 51 142 -19 87 45 -40 4 1 5 100 -16 119 -3 77 0 149 -124 -6 2 38 45 57 58 98 59 59 104 174 54 31 5 -24 69 94 61 10 67 54 110 204 54 149 -111 -25 2 80 18 148 -107 -36 72 98 72 63 51 54 2 40 67 172 -43 116 62 67 62 125 3 58 13 0 8 63 64 137 13 -21 70 141 -97 116 75 74 78 46 16 51 94 250 11 68 34 141 24 227 27 125 16 41 22 -33 73 123 91 254 22 37 24 56 37 145 -29 16 86 35 99 6 41 124 33 69 97 127 38 261 38 25 27 2 43 136 43 15 -18 39 110 4 89 110 -10 -107 -8 -8 -29 11 -16 57 100 163 -26 99 -11 -17 43 98 -7 184 33 2 56 -4 -18 101 -2 1 60 161 49 78 51 55 67 237 44 -22 49 198 52 29 51 31 60 3 -1 75 103 244 60 176 47 61 60 -22 62 115 67 109 -7 73 70 -29 59 12 60 -39 14 47 17 158 6 58 68 109 6 150 7 67 9 172 25 70 14 -16 -26 89 27 206 23 247 61 123 25 68 89 -34 78 -20 -24 26 92 39 31 -2 30 0 76 19 89 252 31 150 20 134 12 34 74 166 -36 245 28 143 -20 69 31 27 34 187 23 104 25 145 26 -12 79 20 31 97 -15 60 103 145 -82 57 34 29 -28 194 39 -13 -25 55 109 27 47 11 39 84 29 161 -17 20 44 138 36 154 -20 99 44 -89 -7 147 -60 -10 -7 110 58 163 -79 43 4 -18 -6 106 60 100 -14 45 50 205 39 64 63 38 47 18 68 147 -47 31 7 -24 71 75 50 107 2 167 53 170 58 156 -106 -32 72 68 10 144 5 61 7 -22 9 148 -105 137 2 151 -100 101 79 95 5 -1 72 144 -103 74 67 146 -57 68 23 67 64 139 -97 60 24 137 15 150 -46 40 82 34 8 72 34 -21 72 37 13 190 26 113 8 46 18 146 -44 51 96 49 23 -12 13 26 39 185 32 83 21 -33 75 35 -20 62 83 117 19 139 37 37 26 27 -19 30 -14 76 102 -12 26 20 -22 85 43 62 96 222 48 15 -16 212 40 36 43 38 89 230 30 18 110 163 -24 108 40 168 54 -80 -11 45 105 -24 5 -25 46 33 -13 198 54 -50 -11 -92 -8 -13 56 147 8 45 -3 86 -1 24 59 98 8 119 67 -62 -8 -2 6 61 62 135 11 19 65 148 -50 -22 64 -9 3 54 59 12 62 -30 65 89 16 -39 16 107 70 79 8 150 -112 100 67 58 70 61 75 176 62 74 14 148 -37 -9 16 252 20 95 73 35 22 26 -27 67 11 70 16 -30 78 146 11 206 25 49 78 -20 -22 81 30 39 33 138 12 60 92 44 84 233 20 145 -93 35 35 76 36 34 76 92 17 166 -34 56 94 245 30 206 38 44 -24 164 41 103 31 20 33 39 46 4 25 224 28 97 -13 138 25 -19 41 160 43 60 105 44 97 145 -80 57 36 -70 -5 76 49 120 92 194 41 -13 -23 6 -10 110 47 -52 -15 27 49 29 95 103 44 4 38 -82 -2 119 -12 64 52 -98 -10 17 -23 36 -10 55 3 -25 -20 154 -18 -22 -15 131 -1 216 42 -29 -18 -10 -5 167 42 126 4 119 1 64 65 3 55 149 -120 80 9 -6 6 79 50 38 49 -83 -12 216 55 174 58 -29 -5 33 55 107 4 126 17 167 55 -32 74 151 -98 63 55 150 -57 95 7 -1 74 -2 74 144 -101 -11 25 88 4 162 -47 74 69 65 20 68 25 70 71 47 87 -42 15 63 68 150 -44 231 29 46 20 90 26 7 28 268 32 -16 44 185 34 23 -28 83 23 138 -41 160 -23 62 85 -7 -15 20 88 39 101 78 29 96 83 215 34 13 85 -28 47 30 -12 131 40 122 -9 161 -81 -10 37 50 88 25 31 44 44 200 32 -4 -27 97 55 -65 -7 -24 -6 36 45 -107 -4 173 50 57 104 -13 45 188 35 140 -6 43 61 203 50 147 -111 -43 -6 38 104 198 56 -9 -8 73 61 147 10 163 -9 66 58 65 62 142 53 150 -123 100 56 174 5 -62 -6 -43 7 -1 8 58 59 135 13 176 51 74 3 19 67 -9 5 51 19 12 64 31 77 -30 67 89 18 -27 72 248 11 49 67 123 16 -34 69 136 -45 7 70 81 19 -21 8 58 72 148 -35 60 81 169 24 114 88 67 13 172 29 70 18 -16 -22 69 22 143 -29 146 13 5 37 247 65 206 27 164 30 2 -32 241 21 160 32 60 94 32 32 233 22 164 -78 236 27 56 96 138 -94 50 22 55 100 -74 -14 27 38 206 40 159 -35 145 30 62 32 106 38 97 -11 25 86 233 35 38 25 76 51 6 -8 -10 -16 8 38 27 51 71 94 43 -5 -40 -3 1 -1 147 52 4 40 -82 0 119 -10 121 36 101 57 216 44 18 59 -29 -16 36 113 209 41 52 57 167 44 170 49 183 -12 100 -10 86 55 17 -8 163 46 79 52 151 -109 63 44 216 57 54 -5 130 -10 149 3 -9 60 65 9 -32 76 42 -1 102 12 19 14 146 55 -36 78 148 -101 -42 4 63 57 238 58 241 63 -2 76 -1 76 116 68 88 6 74 71 93 84 132 12 65 22 26 30 139 -93 125 9 28 76 -14 79 -42 17 44 20 178 20 123 84 150 -42 -20 35 134 -50 53 25 -21 76 56 30 14 33 -14 -29 27 -28 -12 17 166 23 39 -18 23 -26 138 -39 157 -26 124 26 -33 79 160 -21 159 20 30 98 136 36 39 103 152 -20 37 30 166 -85 142 -43 -28 49 11 -23 145 -23 29 31 230 21 166 36 105 26 124 39 143 52 108 31 99 -18 18 -7 4 95 59 31 237 37 55 60 149 -76 173 52 272 31 -31 -7 3 -9 38 -15 244 53 40 -6 155 -19 119 58 -43 -4 91 -4 149 -63 -6 63 52 4 38 106 -9 -6 73 63 188 50 3 4 121 -4 65 64 58 61 77 74 176 53 -41 18 32 8 -23 72 95 64 86 15 53 67 89 20 47 23 68 82 49 69 7 72 -21 10 139 -38 -2 23 42 66 102 80 201 59 148 -33 60 83 132 -41 -23 85 16 13 35 26 72 93 143 -27 248 26 48 86 138 16 160 34 44 88 233 24 76 40 6 -19 37 85 78 86 229 26 55 102 41 -25 187 29 228 30 44 -20 71 83 103 35 48 99 106 40 -82 -11 97 -9 -19 45 44 101 -45 -8 -86 -9 -13 -19 36 102 163 -86 94 43 8 40 -8 32 167 33 186 46 -17 -17 43 -3 189 51 106 53 147 54 -15 -8 -98 -6 3 46 -3 2 -105 -9 -4 43 216 46 -106 -5 133 48 -24 64 177 54 94 56 -8 45 52 59 10 62 68 3 -34 -8 100 -8 86 57 3 59 163 48 135 -51 181 65 148 -112 79 54 165 57 -83 -8 151 -107 -20 11 42 108 -11 16 33 59 234 49 51 76 68 16 128 67 155 -59 67 57 246 59 125 -2 89 75 245 63 102 14 137 8 150 -53 95 11 40 75 116 70 -46 8 49 16 90 17 143 28 -14 81 60 30 5 94 123 86 35 -27 34 14 273 30 97 33 -5 22 129 22 27 -26 71 17 161 -90 20 -29 83 27 124 28 -19 -21 200 23 117 25 39 105 4 84 78 33 -3 44 -31 -18 -13 36 207 39 45 -23 50 92 168 47 98 -12 15 -10 101 -7 45 98 110 -1 110 -2 115 49 -13 49 105 41 149 47 -39 -4 202 58 -43 -2 -25 52 195 55 93 7 -9 -4 169 2 191 57 144 -55 79 1 150 -119 135 17 -9 9 35 15 150 2 109 1 -20 79 95 66 153 7 144 -42 162 12 46 66 247 56 49 71 104 7 68 84 150 -106 62 10 81 23 -35 77 39 26 42 68 151 -26 92 10 111 23 56 87 69 26 143 -25 248 28 160 -85 27 29 113 69 159 -44 62 23 180 15 4 18 152 -84 23 31 41 85 -28 -15 118 39 233 26 120 85 50 26 8 29 186 35 103 37 48 101 161 -22 87 29 -82 -9 205 21 108 88 154 -25 167 -86 216 35 133 37 -52 -9 167 35 155 -83 45 45 119 -6 246 35 158 -78 140 53 98 56 -64 -6 -45 7 82 48 101 61 18 63 -29 -12 -24 66 -11 5 107 -3 126 10 -34 -6 100 -6 141 -5 246 48 3 61 204 51 42 -11 135 -49 47 67 80 15 63 48 -23 8 95 0 155 51 53 3 -2 67 -1 67 172 -46 -46 -3 162 -54 234 51 192 54 150 57 -37 2 68 18 125 0 0 5 160 -43 60 19 5 83 -42 8 -21 67 113 3 132 16 145 -45 138 -48 28 80 44 24 178 24 2 27 136 27 120 19 37 21 143 -78 129 24 161 -88 124 30 242 22 30 102 203 30 161 33 59 22 64 100 249 38 -73 -13 188 28 45 -21 -10 43 163 -29 24 41 1 57 18 -3 -22 46 -32 1 130 36 -39 -1 98 3 244 57 68 60 1 70 40 -2 -2 1 -104 -10 -25 54 -9 -2 -9 -1 137 52 54 54 95 55 141 -58 144 -53 -39 11 -27 65 7 63 58 65 61 70 157 7 0 60 93 22 179 62 151 -37 34 58 37 63 70 11 157 -101 160 -96 5 30 123 22 90 74 136 -39 153 -99 -35 79 138 7 102 84 96 10 132 -37 117 69 164 -85 76 31 153 22 138 -101 9 14 69 28 143 -23 50 15 27 31 -12 76 62 25 103 26 29 77 20 28 4 20 23 33 224 23 -19 36 44 92 235 37 -13 -28 147 -76 8 31 30 49 112 88 -17 -26 103 39 48 103 64 47 108 90 154 -23 25 92 66 93 131 -7 235 50 -13 -15 133 39 193 53 -24 55 36 106 75 34 -52 -7 209 34 167 37 84 39 189 55 142 -20 17 -15 163 39 149 -125 135 -60 140 55 148 -121 19 -6 -45 9 158 45 93 64 46 -11 -15 9 144 2 3 63 135 -47 47 69 181 69 0 -6 -36 71 150 -62 -21 56 53 5 153 -57 72 18 14 13 74 64 132 5 192 56 -12 -3 26 23 67 61 42 4 9 56 5 85 -42 10 134 -57 -21 69 231 24 145 -43 35 85 250 10 -26 75 227 26 125 15 111 80 143 32 160 -28 44 26 2 29 -7 -20 254 21 78 24 99 83 57 86 249 27 161 -86 166 29 6 40 69 96 210 35 85 40 2 42 203 32 119 38 -24 -11 196 29 -8 -30 11 -17 -22 35 163 -27 168 51 66 40 200 40 184 32 98 -8 24 43 101 -3 1 59 161 48 202 49 155 -26 -24 2 237 43 112 48 114 57 144 -64 -11 62 -39 0 107 54 -97 -5 68 62 -2 3 77 67 -104 -8 176 46 -41 11 0 49 -20 70 95 57 54 56 114 70 12 59 53 60 89 13 88 54 -14 6 5 19 104 -1 104 -2 136 -50 39 17 -20 83 150 6 -7 22 72 86 157 -99 113 60 5 32 146 8 206 22 49 75 136 -37 81 27 26 91 99 17 13 14 32 27 76 33 236 22 55 95 -12 78 48 92 6 95 152 -80 36 -26 44 94 38 20 117 84 175 25 120 89 55 108 8 33 71 89 43 -10 115 95 103 41 1 -7 147 47 -82 -5 265 39 3 39 108 92 80 -7 -6 -10 154 -21 -3 -5 98 47 -45 -2 235 52 147 -61 193 55 110 57 162 -76 167 39 186 52 -110 -10 10 55 170 44 -18 -7 54 98 87 46 119 -2 119 -1 135 -58 19 -4 151 -114 63 39 82 52 114 4 174 55 31 6 -11 9 116 50 75 49 52 65 93 66 46 -9 151 7 -32 71 54 111 246 52 42 -7 0 -4 148 -106 5 74 -83 -1 137 1 241 58 116 63 74 66 125 4 70 68 62 69 153 -42 20 72 34 7 -21 71 37 12 231 26 74 79 118 85 76 88 185 31 138 -44 -19 -28 -33 74 27 88 117 18 203 21 62 82 103 83 4 77 36 29 71 23 16 87 145 -28 131 37 -31 -25 29 26 161 -84 6 42 166 31 124 34 108 26 168 40 25 28 85 42 200 29 24 32 101 -14 18 -12 36 42 149 -81 -8 -28 11 -15 230 29 188 32 -10 47 292 89 163 -25 98 -6 -4 -17 1 61 155 -24 45 104 -25 45 198 53 -50 -12 156 56 128 -6 130 40 149 53 190 54 88 43 65 59 244 61 150 -126 141 54 -62 -9 -1 5 58 56 135 10 176 48 19 64 220 54 148 -51 51 16 -20 72 12 61 -30 64 47 18 183 64 150 -113 81 16 -35 70 42 61 201 54 148 -38 118 19 35 21 95 72 -20 85 -5 70 71 65 62 16 81 29 243 27 60 91 44 83 233 19 145 -94 76 35 34 75 120 78 92 16 37 80 78 81 110 33 27 35 145 27 164 40 103 30 20 32 87 22 4 24 224 27 -19 40 99 32 57 35 117 86 43 100 277 38 29 -27 147 -72 133 30 59 81 78 94 50 32 251 22 52 41 126 -10 167 28 -91 -8 84 30 205 27 -98 -11 17 -24 -25 -21 258 38 82 41 101 54 177 49 36 110 -30 -15 94 51 126 3 -9 44 10 57 100 -13 45 51 80 8 135 -56 151 -112 238 42 174 57 12 -5 -30 -1 51 71 -32 73 125 -7 144 6 204 57 0 -2 148 -104 150 -58 95 6 -21 60 13 58 132 9 51 84 35 76 -12 1 7 14 139 -96 185 20 83 9 60 25 -14 76 122 85 -21 73 139 25 152 -36 231 28 -5 17 143 -85 -19 82 129 17 113 9 -19 -26 108 15 44 30 85 31 30 95 203 23 18 -23 133 -36 96 82 215 33 214 37 -3 39 161 -82 188 21 -10 36 105 23 124 36 191 26 163 -36 168 42 200 31 98 -17 15 -15 110 -7 54 34 -32 -6 18 111 292 91 168 55 66 44 33 96 45 106 237 47 -25 47 33 -12 -22 52 198 55 -9 -9 151 -57 156 58 -92 -7 190 56 162 -6 47 7 65 61 68 66 150 -124 -1 7 58 58 61 63 176 50 -41 15 32 5 178 59 -20 74 95 61 153 2 143 -43 -27 71 248 10 -33 -3 247 51 123 15 7 69 136 -46 139 -41 23 13 41 67 60 80 -23 82 16 10 76 24 97 83 69 21 143 -30 30 29 106 24 4 13 138 13 60 93 2 88 29 -38 120 80 -10 -30 251 11 228 27 30 42 84 19 103 32 48 96 189 35 87 24 4 26 124 91 66 86 -17 88 277 40 235 43 -87 -8 59 83 78 96 75 27 43 -6 170 35 73 102 128 38 246 30 119 -11 -98 -9 3 43 -25 -19 121 35 98 51 82 43 101 56 -106 -8 155 33 12 -16 158 38 177 51 75 40 -11 0 -27 -8 52 56 -110 -6 100 -11 86 54 70 46 3 56 102 -1 162 49 5 65 165 54 79 51 -83 -11 63 43 151 -110 238 44 114 8 241 49 177 64 -46 -8 148 6 -9 59 51 73 65 8 150 52 -32 75 141 3 125 -5 102 11 248 65 -42 3 63 56 151 -97 95 8 136 9 139 14 39 76 -1 75 74 70 164 -37 71 1 145 -50 139 -94 9 62 83 11 143 25 127 17 44 19 2 22 81 86 134 -51 133 -47 -5 19 96 71 118 89 268 33 6 33 207 23 -10 25 23 -27 163 -47 127 30 120 27 78 30 131 41 29 30 73 36 -10 38 50 89 210 41 108 30 168 44 52 98 200 33 203 38 101 -10 161 41 -15 44 59 30 100 31 -24 -5 112 41 10 -7 54 36 3 -10 52 111 -78 1 202 55 40 -7 -15 57 100 44 259 37 195 52 148 -60 51 7 95 50 128 -2 107 60 150 -122 -44 12 0 55 -41 17 60 69 93 17 95 63 -30 68 171 58 56 71 -27 73 -28 77 49 68 123 17 81 20 122 21 -21 9 139 -39 39 23 152 -100 138 2 83 66 102 79 129 -47 201 58 96 5 118 23 252 23 117 64 164 -90 76 26 92 7 247 66 140 -97 29 72 23 28 138 15 44 87 -17 77 2 90 15 29 147 -81 78 85 50 23 55 101 -8 18 11 31 145 31 186 32 -82 -12 36 -20 25 87 121 24 38 26 24 91 101 45 59 85 -24 50 17 88 36 101 167 32 189 50 147 53 86 43 223 48 121 37 -64 -9 151 -121 82 45 101 58 216 45 -106 -6 40 48 155 35 177 53 -30 -11 19 110 170 50 183 -11 28 51 0 -11 79 53 165 56 5 67 -83 -9 151 -108 -23 5 238 46 -20 10 114 10 -21 51 199 54 -30 2 129 -5 46 -3 -9 61 125 -3 226 49 104 59 241 64 134 -62 -21 64 32 75 -12 5 -26 70 185 24 124 14 122 89 180 67 -5 21 36 22 71 16 145 -35 249 22 -13 22 92 75 166 24 50 78 124 27 110 92 -19 -22 200 22 4 83 152 -19 78 32 45 84 214 41 230 22 -13 35 -112 -8 108 32 168 46 225 28 -18 41 142 30 1 54 101 -8 -15 46 40 -18 80 54 -3 56 -32 -2 -48 -10 191 43 232 44 3 -8 47 -2 165 -10 -97 -10 68 57 202 57 155 -18 -1 -1 -1 -2 259 39 -44 1 -9 -5 151 -53 -20 65 53 55 89 8 56 60 46 52 65 65 68 70 150 -120 81 9 -23 73 63 113 178 63 153 6 -7 17 69 12 143 -39 -12 60 62 9 122 23 81 22 39 25 4 4 102 81 60 84 154 -52 99 12 92 9 78 74 55 90 30 33 71 71 48 87 87 15 106 28 -13 77 152 -85 22 34 41 84 154 -39 184 69 43 93 147 -79 152 36 50 25 110 39 149 -33 8 28 186 34 87 28 124 95 167 -87 79 29 101 47 216 34 235 47 133 36 36 103 75 31 -52 -10 135 45 33 34 186 47 142 -23 54 93 147 55 -15 -7 155 -84 158 -79 42 -25 135 -63 162 40 98 55 151 -119 63 34 101 60 150 -78 158 42 177 55 218 56 -27 -4 107 -4 93 61 146 -76 151 2 -32 66 -34 -7 86 58 245 51 28 53 47 66 46 107 -23 7 104 48 -20 12 155 50 153 -60 -2 66 -1 66 199 56 14 10 234 50 192 53 51 77 90 5 164 -46 150 56 -12 -6 139 -103 70 63 226 51 245 64 102 15 136 13 122 78 152 -43 231 21 96 62 71 5 164 -33 -12 7 48 21 50 67 8 70 44 23 122 91 18 -30 152 -30 -19 88 55 37 99 80 57 83 131 32 115 24 6 37 207 27 -10 29 124 29 242 21 -8 75 11 88 30 101 24 27 244 30 1 43 18 -17 64 99 77 38 237 27 195 30 -3 45 198 35 -31 -17 230 24 -13 37 45 -22 -11 46 107 38 40 -16 158 -24 237 40 61 43 79 97 137 38 156 51 -32 0 213 33 -11 59 75 99 190 49 -39 -3 -36 2 68 59 153 -126 -1 0 -2 0 58 51 102 57 -41 8 0 46 19 59 -9 -3 -23 62 137 51 -20 67 114 67 72 70 111 -2 171 49 9 -13 -14 3 118 14 -20 80 34 57 92 -1 37 62 92 -2 -5 65 69 14 14 78 143 -37 113 57 104 8 -12 62 62 11 136 -40 103 12 -35 78 23 19 117 68 50 14 55 92 113 70 27 30 140 -93 -13 79 -10 84 45 20 224 22 -19 35 127 89 182 25 57 30 -4 20 59 76 110 41 167 23 -91 -13 24 -26 115 92 87 30 205 22 31 98 64 46 108 89 167 -85 98 44 79 31 235 49 59 89 158 31 75 33 -11 -7 61 98 126 -2 93 50 211 42 109 31 155 -82 100 -18 148 -122 165 47 150 -76 95 -12 174 52 158 44 -11 6 192 42 125 -12 204 52 28 55 9 42 47 68 102 4 0 -7 60 7 -14 58 -42 -4 -23 9 104 50 180 45 139 7 72 17 -46 -2 74 63 234 52 118 69 164 -44 34 112 -7 74 125 1 117 2 113 4 99 69 145 -44 71 7 131 21 90 20 -33 71 44 25 117 15 84 67 122 93 120 20 4 74 23 87 97 36 78 23 59 10 64 88 149 -97 154 18 214 32 -13 26 73 29 6 39 127 36 168 37 27 98 -8 77 30 103 184 18 203 31 101 -17 161 34 -15 37 59 23 80 45 -8 -31 115 39 230 26 156 40 -73 -12 188 29 274 32 75 88 162 -24 66 39 45 101 -1 -11 -2 -11 42 32 -22 47 -51 -11 40 107 232 48 -27 53 148 54 -97 -6 123 -3 68 61 153 -124 -1 2 -63 -8 42 45 61 58 102 59 93 10 137 53 178 54 16 -8 -20 69 114 69 53 59 56 64 69 3 88 53 -27 66 -75 -5 7 64 136 -51 0 61 60 75 99 3 2 70 76 19 150 5 117 57 -7 21 69 16 113 59 206 21 11 11 103 14 106 19 96 11 117 70 235 25 59 65 -8 11 87 19 -13 81 106 32 -29 73 45 22 124 86 36 -27 154 -35 98 33 -4 22 15 35 156 -26 175 24 147 -75 77 95 149 -29 84 27 43 -11 115 94 -18 -21 73 97 204 28 108 91 80 -8 66 94 151 -128 63 25 -45 -3 193 54 12 -21 31 -8 58 95 177 46 -30 -18 135 49 234 28 167 38 170 43 54 97 86 49 172 52 -16 1 148 -120 5 60 165 49 49 103 151 -115 114 3 241 44 -30 -5 116 49 61 113 -27 0 93 65 -88 -10 234 41 32 55 192 44 -12 -15 67 49 153 52 144 3 0 -5 41 -4 5 73 -42 -1 104 52 53 6 -5 1 129 1 13 55 90 9 -7 76 6 15 50 58 69 71 60 22 154 -114 2 17 37 11 4 63 -5 14 113 6 118 84 145 -42 57 74 -26 76 48 25 6 28 -10 20 22 -28 66 15 2 30 43 31 87 74 106 87 4 76 36 28 38 74 76 100 249 28 188 18 147 -20 108 25 85 41 43 44 -15 39 100 26 119 39 17 28 121 85 214 47 115 41 130 26 65 45 202 50 155 -25 26 53 -44 -6 -9 -12 -23 53 197 56 40 109 86 -4 213 37 72 61 190 53 9 -22 88 42 247 35 -97 -4 21 -12 150 -127 136 -62 141 53 -1 4 139 -57 -2 4 -63 -6 83 48 19 63 60 64 148 -52 220 53 151 -47 178 56 -23 66 51 15 35 7 -20 71 172 12 -33 -6 46 58 247 48 96 0 201 53 160 15 76 21 78 67 50 5 122 29 -10 75 243 26 -38 13 242 67 -4 11 120 77 36 83 110 32 91 19 29 80 84 16 161 -30 6 96 147 35 -15 -27 45 24 73 86 64 37 224 26 124 88 -6 -22 38 21 -3 -17 24 86 -87 -11 147 -73 59 80 133 29 251 21 -11 -16 162 -88 165 -83 10 43 170 32 73 99 147 48 89 43 -25 -22 -99 -8 -22 -17 19 -16 174 43 31 -6 -2 46 58 97 158 35 177 48 -30 -16 -110 -9 51 57 211 46 109 35 -76 -11 -16 3 248 49 5 62 238 41 241 46 34 -18 -21 46 58 110 234 43 -88 -8 93 67 35 62 150 49 70 56 41 -2 0 -3 41 -1 187 52 -42 0 104 54 2 6 62 57 53 8 39 73 23 65 97 14 132 8 71 -1 164 -40 -12 0 185 19 127 14 27 76 122 84 39 86 133 -50 96 68 118 86 71 11 112 12 131 25 69 86 124 22 108 14 27 89 203 22 133 -37 36 30 214 36 -31 -24 10 -23 73 33 188 20 75 79 163 -37 -11 39 168 41 107 31 52 95 98 -18 43 46 -18 36 1 49 40 -23 176 23 149 -80 121 87 93 -12 54 33 12 36 149 41 47 -7 109 90 202 52 21 -23 155 -23 26 55 -1 -7 70 98 -41 1 0 39 19 52 148 -63 151 -58 156 57 -51 -7 35 -4 114 60 144 -61 130 41 -30 52 9 -20 47 6 -33 -17 68 65 150 -125 153 -120 139 -55 220 55 159 45 -20 73 -7 12 153 1 111 4 145 2 104 1 164 15 -12 55 7 68 -35 71 173 -44 16 9 57 10 120 66 37 68 78 69 133 5 71 66 106 23 64 26 243 28 22 29 -17 74 184 64 43 88 147 -84 78 82 119 83 36 85 251 10 110 34 149 -38 228 26 -22 80 84 18 87 23 73 88 293 91 64 39 3 29 66 85 38 23 43 101 100 83 147 -71 193 45 17 85 75 26 61 91 253 32 -91 -7 -18 -17 54 88 128 37 3 42 89 45 -99 -6 165 40 -23 -11 63 29 82 42 -106 -9 155 32 12 -17 -1 48 58 99 -2 48 -30 -14 116 40 -69 -6 -9 45 51 59 169 51 67 40 70 45 -16 5 102 -3 160 -62 46 102 -23 2 63 42 151 -111 238 43 -81 -3 34 -16 -21 48 199 51 37 -11 -46 -9 13 46 51 72 233 49 90 0 150 51 92 46 125 -6 111 59 143 11 146 53 5 77 117 -5 152 -48 138 54 96 57 32 72 71 0 185 21 127 16 44 18 85 19 30 83 43 22 133 -48 -19 83 96 70 173 24 18 86 207 22 108 16 22 -24 94 81 203 24 1 38 18 -22 100 17 36 32 77 33 237 22 195 25 -3 40 10 -21 18 99 188 22 191 27 163 -35 130 17 168 43 66 32 52 97 98 -16 -18 38 68 41 -15 43 45 94 121 89 239 44 10 -8 40 100 12 38 232 41 -27 46 47 -5 148 47 52 110 -78 0 109 92 40 -8 81 -7 155 -21 -21 -18 -1 -5 -2 -5 179 43 93 3 239 57 51 6 -7 1 153 -10 172 3 -109 -10 56 57 88 46 46 49 -12 44 185 63 152 -114 0 54 60 68 32 6 159 47 53 65 56 70 152 7 171 57 143 -42 55 74 -33 -2 -33 -1 145 4 103 7 48 71 138 1 83 65 201 57 242 58 145 -104 117 63 76 25 175 4 59 58 -8 4 140 -98 71 68 48 84 -29 66 108 71 -17 76 258 15 101 31 59 71 147 -82 77 88 149 -36 -25 77 228 28 -8 17 11 30 84 20 170 23 -18 -28 142 -39 -15 -23 204 21 19 -25 43 103 260 37 -30 -25 -27 -20 128 39 86 42 3 44 47 50 146 29 165 42 5 53 -23 -9 151 -122 82 44 150 -81 -20 -4 21 34 199 40 218 53 -27 -7 148 -6 234 34 146 -79 -9 47 169 53 -12 -22 67 42 -76 -7 162 50 41 -11 5 66 -23 4 34 -14 -21 50 138 43 51 74 -26 56 48 5 134 45 143 13 248 66 30 72 134 -63 20 64 240 67 152 -46 -19 72 30 -36 145 -49 175 59 -13 8 -10 13 2 23 103 75 133 -46 36 21 173 26 18 88 210 29 163 -46 94 83 168 32 -8 72 244 27 45 83 121 78 80 40 -3 42 73 37 114 38 144 -83 -11 43 130 19 -18 40 68 43 202 43 100 32 -2 -16 58 35 77 48 121 91 195 40 0 30 79 94 -23 46 63 86 54 37 150 -26 -32 -3 153 -21 -90 -8 130 32 47 -3 123 -8 83 41 102 54 -41 5 148 -59 239 59 137 48 178 49 -20 64 136 52 14 62 5 13 113 41 -75 -10 -12 46 -16 75 185 65 152 -112 44 62 111 8 97 73 69 11 145 6 6 76 4 3 96 6 154 -53 44 75 76 27 59 60 71 70 186 20 29 73 115 76 147 28 87 14 4 16 -29 68 45 17 3 20 22 33 223 23 43 92 59 73 100 74 -11 -23 -25 79 80 95 -8 19 253 23 186 33 -18 -26 3 33 19 -23 24 92 63 20 137 -31 101 46 260 39 135 44 -27 -18 33 33 19 98 211 39 54 92 169 42 86 44 246 33 158 -80 19 -10 5 55 46 93 63 33 40 49 58 103 37 -20 -30 -10 -27 -5 19 111 148 -4 234 36 -12 -20 141 -7 53 109 125 -15 144 -2 245 50 47 65 46 106 -100 -12 -81 1 39 66 199 55 23 58 152 -57 97 7 14 9 173 2 118 66 233 53 90 4 48 7 9 52 85 10 122 77 96 61 27 -39 154 2 99 66 145 -47 112 5 217 58 131 18 57 69 -26 71 92 63 8 69 66 10 84 64 -31 77 59 7 64 85 77 24 22 88 96 74 80 29 115 23 249 23 -10 28 31 29 149 21 -8 74 107 24 11 87 184 15 244 29 -15 34 3 88 237 26 214 42 179 21 19 32 79 83 -9 -30 156 37 54 26 -32 -14 31 42 72 43 191 31 65 40 -18 42 40 -17 158 -25 61 42 47 107 102 43 0 32 -23 48 -48 -9 153 -19 12 42 213 32 -90 -6 171 35 165 -9 151 56 -97 -9 68 58 35 110 144 53 102 56 151 -52 178 51 53 56 -109 -6 9 -14 -28 67 -75 -8 139 -49 166 54 -16 77 4 -8 34 56 92 -3 133 -2 -5 64 69 13 14 77 143 -38 113 56 145 8 90 72 84 -1 103 11 48 75 106 16 152 -97 66 65 99 13 117 67 91 14 55 91 140 -94 189 27 -10 83 64 32 3 22 184 70 -4 19 82 22 100 76 59 75 193 38 75 19 149 -32 54 81 12 84 31 97 144 -26 121 27 98 43 238 23 58 92 75 32 33 35 19 100 -9 38 169 44 144 -13 -20 0 136 -12 95 -13 -21 41 218 57 46 -13 13 39 151 3 -12 -18 53 111 153 49 125 -13 37 103 245 52 102 3 44 -2 104 49 2 1 139 6 199 57 180 44 37 -5 138 47 -19 63 129 -2 173 4 164 -45 134 49 69 68 2 14 117 1 -40 17 152 -42 64 74 71 6 131 20 57 71 -26 73 175 63 249 12 -13 12 -24 82 124 17 50 68 8 71 168 23 66 12 140 -39 43 28 142 7 1 31 87 71 4 73 18 -29 119 23 64 87 22 90 154 17 80 31 214 31 73 28 207 28 31 31 163 -42 75 74 1 44 155 -41 -15 36 3 90 61 31 80 44 179 23 198 36 79 85 137 26 75 87 -11 47 88 26 162 -25 47 -12 -78 -7 40 -15 -15 49 67 88 26 50 158 -23 -2 -12 -1 -12 -41 -4 -51 -12 232 47 190 50 -27 52 129 40 148 53 132 45 -12 37 153 -125 20 -11 -63 -9 152 -121 102 58 0 47 -20 68 -26 -6 -7 7 143 -49 14 66 215 56 -14 4 48 64 166 56 106 5 6 67 4 -6 127 64 201 50 118 15 117 56 147 -102 69 15 112 62 87 5 182 13 66 67 43 83 101 24 -43 16 55 93 -25 70 149 -43 -22 75 186 24 43 -25 189 29 98 32 -4 21 156 -27 40 27 149 -30 162 -91 253 27 167 24 211 30 -18 -22 -15 -17 12 86 -99 -11 79 32 165 35 -23 -16 123 38 68 102 12 -22 58 94 177 45 -30 -19 42 86 234 27 74 38 211 43 -111 -8 109 32 7 -16 67 35 -76 -14 144 -11 9 30 102 -8 146 35 -14 46 63 37 44 -13 95 -11 -81 -8 97 -1 -88 -11 -12 -16 -26 49 134 38 37 105 245 54 9 43 28 56 143 6 -93 -5 60 8 127 -2 127 -1 104 51 2 3 39 70 78 -1 152 -53 -5 0 143 -102 99 57 131 9 175 52 34 113 108 -1 108 -2 154 -115 30 78 84 55 117 3 20 70 36 14 -3 22 112 9 57 73 29 11 147 -34 -24 84 140 -37 43 30 103 81 142 9 106 86 202 23 155 -52 45 76 59 11 64 89 22 92 198 25 188 17 147 -21 168 38 107 28 52 92 24 30 101 -16 183 23 155 -39 100 25 121 84 80 46 10 -13 156 41 -20 44 144 -77 130 25 162 -23 88 28 -14 -20 5 -7 -78 -5 123 -15 68 49 7 39 70 95 -44 -7 42 33 201 26 197 55 95 44 40 108 34 34 213 36 72 60 14 55 -14 -7 132 47 208 42 122 2 139 -58 152 -119 96 -14 99 -9 132 -61 159 42 178 55 219 56 16 -7 2 58 92 -12 152 2 97 66 -33 -7 -75 -4 90 63 41 63 242 53 154 -60 131 -44 76 20 117 58 2 71 91 5 94 10 112 64 64 23 -38 12 -4 10 235 26 119 80 251 7 91 18 177 21 -8 12 33 13 -22 77 52 26 84 15 10 29 147 34 -13 82 158 -100 3 26 19 -30 43 98 137 -38 -4 23 -18 88 63 13 -34 80 174 29 -1 32 158 21 58 83 149 -28 -11 -17 116 24 33 26 52 39 10 42 170 31 211 32 73 98 -99 -9 65 99 151 -127 49 91 21 29 81 43 26 107 153 -81 -30 -17 42 88 234 29 146 -84 32 43 109 34 53 102 9 32 28 45 248 48 -74 -3 5 61 46 99 49 104 138 38 -88 -9 -47 -8 32 56 150 48 -7 64 -35 2 69 59 143 8 41 -3 127 0 187 51 -17 -8 2 5 103 57 -40 8 120 -3 139 10 138 51 96 54 99 59 131 11 115 3 -13 3 -10 8 8 62 154 -113 30 80 85 16 96 67 149 -107 -25 6 -6 19 57 75 131 24 15 78 101 81 73 19 105 8 -24 86 91 73 22 -27 75 65 126 30 87 75 202 25 135 -29 38 75 179 14 137 17 188 19 147 -19 75 78 -11 38 88 17 52 94 -9 84 -18 35 -15 40 -1 -21 58 30 176 22 0 25 35 -18 -20 46 171 28 116 92 129 31 132 36 5 -5 109 89 259 33 185 47 -44 -5 0 38 159 31 178 44 -7 -2 139 52 -14 -5 -75 -15 145 -12 136 -61 -19 1 96 -12 60 65 159 44 178 57 16 -5 131 -55 -7 11 152 4 143 -45 55 71 -33 -5 154 50 103 4 161 -55 6 71 64 12 105 50 154 -58 173 -45 200 58 120 65 18 17 78 68 17 58 50 6 -6 74 189 20 6 84 -10 76 -38 14 182 17 184 63 43 87 176 64 -22 79 189 33 293 90 45 25 66 84 24 87 65 88 82 28 155 18 150 -97 40 31 58 85 -11 -15 61 90 148 -22 253 31 128 36 169 37 67 26 144 -20 89 44 -14 37 19 -15 46 88 160 -76 -23 -12 21 31 -1 47 199 37 39 48 116 39 61 103 160 45 32 45 51 58 150 37 169 50 134 29 56 109 102 -4 46 101 164 56 -21 47 55 5 13 45 99 48 32 58 35 63 150 50 131 0 -26 53 92 45 124 -3 154 -124 2 7 103 59 133 -62 64 67 97 15 99 61 57 64 115 5 147 -43 91 62 108 2 127 15 27 77 94 67 -8 56 85 18 43 21 1 24 133 -49 149 -105 101 83 73 21 110 88 -11 27 1 37 183 14 202 27 58 19 195 24 151 -83 63 70 232 27 190 30 88 19 107 32 46 22 68 40 -15 42 42 24 61 37 176 24 148 -75 137 32 35 -16 232 40 171 30 14 46 74 97 148 46 -14 -16 146 -27 65 48 -53 -8 21 -22 7 43 81 -8 26 56 -41 2 0 40 201 30 60 54 44 46 118 -5 21 99 136 49 -7 0 37 43 56 56 9 -19 143 -56 -33 -16 113 38 -75 -13 -12 43 139 -54 152 -115 96 -10 242 44 44 59 159 46 2 62 62 113 -26 0 97 70 48 70 4 0 108 57 242 57 66 60 38 -2 43 76 175 3 133 6 78 70 -43 9 91 9 17 60 52 17 -22 68 128 12 -29 65 3 17 108 70 22 30 126 87 184 65 58 74 177 25 77 87 149 -37 253 20 -18 -29 -29 78 -15 -24 67 15 3 30 204 20 107 87 165 28 -20 -18 40 33 100 84 61 92 -27 -21 33 30 93 44 234 20 146 -93 32 34 53 93 86 41 -35 -20 144 -18 -16 -7 89 46 56 98 102 -15 0 -26 -14 39 46 90 151 -123 104 31 49 95 21 33 62 34 150 -82 -20 -5 81 47 125 90 160 47 60 109 -69 -5 145 -76 -12 -23 134 31 -35 -7 -77 -4 104 44 -81 -2 120 -12 34 -15 240 53 4 42 37 -10 152 -60 97 4 243 58 233 50 57 53 76 66 -26 55 -54 -7 92 47 37 111 69 63 143 12 133 -60 152 -47 -19 71 217 55 131 15 -13 7 147 -41 -24 77 108 4 8 66 140 -44 43 23 156 -100 1 26 64 82 36 20 3 72 149 -103 -6 23 135 -38 80 26 73 23 94 82 33 72 -8 71 126 34 10 88 244 26 183 16 45 82 77 34 80 39 121 77 19 29 10 -20 151 -81 63 72 156 34 -32 -17 255 13 40 88 114 37 232 29 116 83 162 -30 88 21 65 37 225 26 68 42 269 32 67 83 -1 -17 -16 48 157 -24 61 39 239 45 150 -27 40 101 -7 -11 37 32 116 96 148 48 146 -25 -28 51 164 -8 35 107 0 42 -102 -6 117 38 -7 2 37 45 56 58 14 61 -28 64 -75 -11 11 -8 71 43 103 -5 29 46 185 64 -19 5 38 -13 203 54 97 72 91 -1 55 75 -6 65 -3 70 145 5 112 57 103 8 230 49 106 13 6 75 4 2 -29 54 64 16 66 62 -4 3 75 3 -25 65 52 19 186 19 115 75 128 14 -13 75 54 65 147 27 86 17 -29 67 3 19 22 32 223 22 140 24 181 25 126 89 184 67 82 19 101 32 -34 73 119 86 77 89 116 17 61 81 146 -104 10 35 170 24 114 92 -15 -22 67 17 72 95 165 30 5 41 -20 -16 241 25 58 89 -30 -24 42 81 61 94 74 33 234 22 169 41 56 100 28 38 47 51 5 54 46 92 -23 -8 -12 87 150 -80 125 92 218 54 37 -21 97 -7 138 31 -12 -21 134 33 48 -7 37 100 124 -12 27 55 71 98 2 -1 -81 0 -40 1 120 -10 39 65 4 44 25 103 57 55 -105 -7 48 6 175 47 -54 -5 -13 -4 108 -7 11 60 184 -12 -40 14 1 15 240 68 17 -4 96 60 98 69 131 17 175 60 249 9 -13 9 147 -39 -24 79 8 68 209 58 66 9 64 84 246 61 77 23 149 -101 79 69 98 82 31 28 149 20 75 71 126 36 65 26 -9 77 26 34 80 41 19 31 79 82 179 20 -9 -31 151 -79 82 87 156 36 197 37 21 77 -20 39 54 25 144 -82 130 20 -11 44 116 85 56 34 74 88 107 36 65 39 159 -97 49 31 67 85 39 -14 157 -22 102 42 47 106 0 31 -23 47 16 -25 35 -12 21 90 34 29 139 45 -90 -7 231 48 -28 53 -12 34 122 -3 166 40 83 42 102 55 -60 -7 -19 -6 201 34 60 58 25 37 99 -14 117 40 62 104 -68 -6 14 63 -28 66 71 45 -12 47 208 50 166 53 133 -3 91 0 36 64 -8 -6 52 8 38 110 115 64 142 -62 66 64 184 56 98 16 59 61 133 10 130 -59 -9 11 142 -49 147 29 45 18 3 21 79 16 82 21 40 24 119 88 -11 -22 -25 80 171 -45 135 32 80 96 148 -29 146 -102 165 -89 151 -24 114 94 67 19 19 -22 123 35 199 30 42 83 14 -16 234 24 192 27 211 40 35 43 169 43 153 35 53 97 -77 -13 164 49 62 38 -81 -11 125 94 138 33 -5 -16 -28 0 44 105 -89 -10 -12 -19 -26 46 48 -5 53 110 152 52 -77 0 -93 -8 -14 56 127 -5 85 -1 2 0 -100 -11 -40 3 240 57 180 43 23 59 97 8 243 62 -19 62 25 105 -108 -10 38 44 59 103 147 -50 124 3 140 -53 11 62 30 75 -17 0 -31 65 142 -7 -40 16 4 59 64 73 36 11 182 65 149 -112 80 17 154 3 131 19 -10 16 -24 81 -11 20 168 22 66 11 52 76 87 70 64 86 77 25 80 30 137 12 141 -98 31 30 232 20 146 -47 165 -34 -15 35 144 28 259 15 61 30 179 22 -9 -29 156 38 114 41 -21 82 12 30 144 -80 28 -26 88 25 129 26 162 -26 132 31 68 46 250 23 21 -29 42 30 28 95 102 44 41 34 -23 49 16 -23 97 50 212 37 74 103 148 52 151 57 20 -12 -19 -4 201 36 118 1 178 52 219 53 2 55 131 -60 74 98 78 50 55 66 173 58 -8 -17 29 50 6 66 4 -7 45 -6 152 -109 25 52 85 66 203 58 1 72 94 7 -22 61 -3 74 73 69 64 20 -39 13 121 2 66 66 181 16 82 10 156 -41 235 23 -43 15 91 15 130 -57 176 59 61 72 -25 69 80 85 128 18 141 -43 70 13 89 26 3 23 65 83 -37 72 82 23 137 -41 63 10 123 24 -20 -25 40 26 61 85 0 75 19 88 -9 26 211 29 95 83 12 85 72 99 70 26 245 27 28 29 46 83 63 23 104 24 123 37 238 24 157 35 -5 -27 160 40 60 102 234 26 -111 -9 169 45 172 50 111 40 185 -11 9 29 69 43 102 -9 146 34 187 35 -81 -9 240 46 138 35 99 43 118 56 233 43 131 -5 76 59 48 -3 -10 -8 -77 2 124 -8 41 -6 127 -3 2 2 43 3 -100 -9 205 38 149 -123 -6 3 -108 -8 38 46 131 8 15 62 175 51 59 105 18 67 6 13 73 3 -29 -8 -24 70 -17 2 -31 67 170 57 142 -5 36 13 149 11 107 14 165 -45 155 -53 100 11 77 27 22 91 98 86 63 65 40 81 141 -96 72 33 31 32 -11 35 116 76 88 14 49 22 155 -40 141 25 148 -80 -23 38 197 41 150 -34 37 25 171 25 32 95 26 51 67 89 20 -23 125 30 70 94 -41 -3 201 25 34 33 20 98 39 111 212 39 50 -23 55 55 -33 -21 8 -20 132 46 247 33 71 36 35 113 208 41 23 -5 83 46 25 41 99 -10 85 55 -17 44 2 57 50 -10 -31 1 48 65 166 57 4 -5 -38 -2 242 52 121 -9 140 4 25 54 24 58 -4 -4 101 12 59 52 174 2 119 66 91 4 110 17 10 15 115 68 73 71 105 60 -39 15 121 4 66 68 -18 74 100 66 119 79 193 28 158 7 58 69 176 61 52 25 67 10 86 23 -16 -25 -30 77 3 25 70 15 49 77 82 25 -20 -23 150 -100 40 28 -1 31 158 20 58 82 -9 28 151 -20 211 31 252 32 35 34 150 21 164 -81 67 23 70 28 245 29 248 34 104 26 21 28 -12 80 81 42 153 -82 199 34 42 87 97 -14 157 37 14 -12 60 104 192 31 -111 -7 16 34 236 37 194 40 226 29 9 31 69 45 143 -6 113 88 159 -25 44 -12 -17 -22 -81 -7 -82 -3 25 96 154 -19 118 58 131 -3 -93 -4 145 53 103 56 1 8 152 -52 119 0 64 64 205 40 -6 5 38 48 57 61 76 74 147 -46 167 54 85 15 52 67 84 56 205 53 61 8 -6 18 135 -43 -22 10 15 77 101 80 73 18 147 -33 -24 85 144 -102 149 13 162 -48 107 16 142 10 100 13 45 77 77 29 198 26 63 67 72 35 130 13 190 27 162 -35 88 16 -9 83 183 24 227 30 -16 43 -1 -22 144 32 42 21 160 -24 60 38 35 -19 -20 45 150 -32 34 22 39 100 166 -88 116 91 13 84 5 -6 151 48 145 -26 -12 27 7 40 122 -10 185 46 201 27 154 -85 178 43 2 46 62 97 -7 -3 20 100 -65 -8 14 56 55 57 164 0 -12 40 -80 -10 25 43 85 57 159 43 43 60 62 110 78 54 -24 6 -13 57 73 60 147 9 45 -2 191 52 163 -10 66 57 200 57 101 14 119 68 77 71 94 11 -8 0 115 70 142 -56 12 63 107 71 79 9 -18 76 1 89 101 27 257 15 177 22 -25 73 80 89 -22 78 169 23 67 12 141 -39 144 -34 -16 -23 248 23 146 12 19 -29 65 87 -20 -21 150 -98 40 30 155 17 26 95 125 74 199 23 58 84 116 25 164 -79 67 25 46 87 206 39 159 -36 49 92 164 42 62 31 81 44 -21 33 39 47 97 -12 32 44 44 98 233 34 117 88 134 28 53 103 194 42 6 -9 -77 -7 9 33 69 47 -14 49 159 -23 71 93 164 55 2 -7 62 44 -40 -4 4 39 152 -63 97 1 55 4 233 47 18 58 -29 -17 124 -4 127 1 11 55 -17 -7 103 58 78 1 205 42 163 45 -25 -6 99 60 131 12 115 4 175 55 59 109 -11 13 94 66 -31 71 43 20 1 23 149 -106 -25 7 19 13 -36 77 54 7 72 24 91 74 88 5 65 21 202 26 26 29 102 24 179 15 63 69 151 -84 137 18 156 31 150 -43 -21 75 232 26 130 15 190 29 47 -20 26 42 141 29 239 42 63 82 62 86 134 -38 39 102 -49 -11 37 29 171 29 129 32 215 35 14 45 132 37 164 -11 7 42 122 -8 125 34 166 35 -61 -8 99 -19 118 -6 159 32 178 45 2 48 139 53 37 42 97 56 -65 -6 36 46 55 59 -28 61 173 51 -75 -14 272 30 29 43 -13 46 166 48 210 54 -19 2 99 -6 152 5 119 57 -24 8 110 8 94 0 154 51 -8 -11 38 105 115 59 161 -54 73 62 -29 51 108 56 200 59 244 65 15 13 101 16 147 -97 -62 -5 -43 8 58 60 17 59 77 73 -6 75 61 65 176 52 -8 2 -22 67 -9 6 155 -115 -29 64 3 16 181 22 -18 78 -34 70 -2 22 177 24 42 65 10 32 54 75 67 14 141 -37 70 19 88 73 107 86 5 38 65 89 63 16 123 30 241 22 199 25 146 -94 -28 -18 32 33 236 28 37 84 -16 -8 70 32 56 97 111 33 138 -93 102 -16 229 25 206 41 104 30 159 -34 164 44 62 33 39 49 97 -10 96 31 160 46 44 100 -12 -24 117 90 76 52 194 44 -13 -20 111 46 -10 -15 -77 -5 124 -15 8 39 43 -4 103 47 240 52 4 41 -82 1 97 3 118 62 57 52 76 65 -26 54 -13 -7 -29 -15 -24 63 124 -1 124 -2 108 -10 209 42 -8 44 84 47 142 -12 3 58 163 47 149 -117 98 66 115 6 59 111 91 63 149 4 -8 57 33 58 65 10 1 25 119 17 3 71 61 12 19 15 -36 79 101 84 95 10 40 74 114 23 -1 77 -11 28 88 7 162 -44 -9 74 65 23 10 87 202 28 67 69 26 31 -2 -31 125 10 -1 -31 58 20 -16 34 61 25 102 26 19 28 151 -82 123 85 178 21 114 36 81 88 34 13 153 -36 53 26 116 82 14 34 -14 -28 51 101 67 82 20 -30 -16 47 39 -17 111 88 83 26 -33 80 160 -20 159 21 35 -15 150 -28 136 37 134 -36 -7 -12 39 104 37 31
1 4 2 4 3 4
0
2 4 3 4 1 4
1 4 2 4 3 4
10
2 4 3 4 1 4
1 4 2 4 3 4
100
2 4 3 4 1 4
1 4 2 4 3 4
1000
2 4 3 4 1 4
4 4 5 4 4 5 5 5
0
4 4 5 4 5 5 4 5
4 4 5 4 4 5 5 5
10
4 4 5 4 5 5 4 5
4 4 5 4 4 5 5 5
100
4 4 5 4 5 5 4 5
4 4 5 4 4 5 5 5
1000
4 4 5 4 5 5 4 5
